2112191314629
2112191314630
2112191314631
2112191314632
2112191314635
2112191314634
2112191314636
2112191314637
2112191314639
2112191314640
2112191314621
2112191314622
2112191314623
2112191314624
2112191314625
2112191314626
2112191314627
2112191314628
2112191314633
2112191314638
2112191314611
2112191314612
2112191314613
2112191314614
2112191314615
2112191314616
2112191314617
2112191314618
2112191314619
2112191314620
2112191314601
2112191314602
2112191314608
2112191314607
2112191314603
2112191314606
2112191314609
2112191314604
2112191314605
2112191314610